/batch
/config,noeldb,1     ! force off writing results to database
*get,_wallstrt,active,,time,wall
! ANSYS input file written by Workbench version 2025 R2
! File used for geometry attach: C:\Users\Sebastian\Desktop\Coding\FEM2\Projekt\CAD\Balken_9.stp
/title,Rad_Shell--Statisch-mechanisch (A5)
! ****** Begin Custom Load Command Snippet ******
/COM, ACT Extensions:
/COM,     LSDYNA, 2025.2
/COM,     5f463412-bd3e-484b-87e7-cbc0a665e474, wbex
/COM,/COM,     ANSYSMotion, 2025.2
/COM,     20180725-3f81-49eb-9f31-41364844c769, wbex
/COM,
! ****** End   Custom Load Command Snippet ******
*DIM,_wb_ProjectScratch_dir,string,248
_wb_ProjectScratch_dir(1) = 'C:\Users\Sebastian\Desktop\Coding\FEM2\Projekt\ANSYS\_ProjectScratch\Scr3939\'
*DIM,_wb_SolverFiles_dir,string,248
_wb_SolverFiles_dir(1) = 'C:\Users\Sebastian\Desktop\Coding\FEM2\Projekt\ANSYS\Rad_Shell_files\dp0\SYS\MECH\'
*DIM,_wb_userfiles_dir,string,248
_wb_userfiles_dir(1) = 'C:\Users\Sebastian\Desktop\Coding\FEM2\Projekt\ANSYS\Rad_Shell_files\user_files\'
/com,--- Data in consistent NMM units. See Solving Units in the help system for more information.
/units,MPA
/nopr
/wb,file,start              !  signify a WB generated input file
/prep7
! Turn off shape checking because checks already performed inside WB mesher.
! See help system for more information.
SHPP,OFF,,NOWARN
/nolist
etcon,set             ! allow ANSYS to choose best KEYOP's for 180x elements, resets any applicable keyopt to MAPDL defaults
/com,*********** Send User Defined Coordinate System(s) ***********
csys,0
/com,*********** Nodes for the whole assembly ***********
nblock,3,,702
(1i9,3e20.9e3)
        1     9.000000000E+03     6.943000000E+02     0.000000000E+00
        2     0.000000000E+00     6.943000000E+02     0.000000000E+00
        3     9.000000000E+03     1.392832536E-28     0.000000000E+00
        4     0.000000000E+00     0.000000000E+00     0.000000000E+00
        5     8.800000000E+03     6.943000000E+02     0.000000000E+00
        6     8.600000000E+03     6.943000000E+02     0.000000000E+00
        7     8.400000000E+03     6.943000000E+02     0.000000000E+00
        8     8.200000000E+03     6.943000000E+02     0.000000000E+00
        9     8.000000000E+03     6.943000000E+02     0.000000000E+00
       10     7.800000000E+03     6.943000000E+02     0.000000000E+00
       11     7.600000000E+03     6.943000000E+02     0.000000000E+00
       12     7.400000000E+03     6.943000000E+02     0.000000000E+00
       13     7.200000000E+03     6.943000000E+02     0.000000000E+00
       14     7.000000000E+03     6.943000000E+02     0.000000000E+00
       15     6.800000000E+03     6.943000000E+02     0.000000000E+00
       16     6.600000000E+03     6.943000000E+02     0.000000000E+00
       17     6.400000000E+03     6.943000000E+02     0.000000000E+00
       18     6.200000000E+03     6.943000000E+02     0.000000000E+00
       19     6.000000000E+03     6.943000000E+02     0.000000000E+00
       20     5.800000000E+03     6.943000000E+02     0.000000000E+00
       21     5.600000000E+03     6.943000000E+02     0.000000000E+00
       22     5.400000000E+03     6.943000000E+02     0.000000000E+00
       23     5.200000000E+03     6.943000000E+02     0.000000000E+00
       24     5.000000000E+03     6.943000000E+02     0.000000000E+00
       25     4.800000000E+03     6.943000000E+02     0.000000000E+00
       26     4.600000000E+03     6.943000000E+02     0.000000000E+00
       27     4.400000000E+03     6.943000000E+02     0.000000000E+00
       28     4.200000000E+03     6.943000000E+02     0.000000000E+00
       29     4.000000000E+03     6.943000000E+02     0.000000000E+00
       30     3.800000000E+03     6.943000000E+02     0.000000000E+00
       31     3.600000000E+03     6.943000000E+02     0.000000000E+00
       32     3.400000000E+03     6.943000000E+02     0.000000000E+00
       33     3.200000000E+03     6.943000000E+02     0.000000000E+00
       34     3.000000000E+03     6.943000000E+02     0.000000000E+00
       35     2.800000000E+03     6.943000000E+02     0.000000000E+00
       36     2.600000000E+03     6.943000000E+02     0.000000000E+00
       37     2.400000000E+03     6.943000000E+02     0.000000000E+00
       38     2.200000000E+03     6.943000000E+02     0.000000000E+00
       39     2.000000000E+03     6.943000000E+02     0.000000000E+00
       40     1.800000000E+03     6.943000000E+02     0.000000000E+00
       41     1.600000000E+03     6.943000000E+02     0.000000000E+00
       42     1.400000000E+03     6.943000000E+02     0.000000000E+00
       43     1.200000000E+03     6.943000000E+02     0.000000000E+00
       44     1.000000000E+03     6.943000000E+02     0.000000000E+00
       45     8.000000000E+02     6.943000000E+02     0.000000000E+00
       46     6.000000000E+02     6.943000000E+02     0.000000000E+00
       47     4.000000000E+02     6.943000000E+02     0.000000000E+00
       48     2.000000000E+02     6.943000000E+02     0.000000000E+00
       49     9.000000000E+03     5.207250000E+02     0.000000000E+00
       50     9.000000000E+03     3.471500000E+02     0.000000000E+00
       51     9.000000000E+03     1.735750000E+02     0.000000000E+00
       52     0.000000000E+00     5.207250000E+02     0.000000000E+00
       53     0.000000000E+00     3.471500000E+02     0.000000000E+00
       54     0.000000000E+00     1.735750000E+02     0.000000000E+00
       55     2.000000000E+02     3.095183413E-30     0.000000000E+00
       56     4.000000000E+02     6.190366826E-30     0.000000000E+00
       57     6.000000000E+02     9.285550239E-30     0.000000000E+00
       58     8.000000000E+02     1.238073365E-29     0.000000000E+00
       59     1.000000000E+03     1.547591706E-29     0.000000000E+00
       60     1.200000000E+03     1.857110048E-29     0.000000000E+00
       61     1.400000000E+03     2.166628389E-29     0.000000000E+00
       62     1.600000000E+03     2.476146730E-29     0.000000000E+00
       63     1.800000000E+03     2.785665072E-29     0.000000000E+00
       64     2.000000000E+03     3.095183413E-29     0.000000000E+00
       65     2.200000000E+03     3.404701754E-29     0.000000000E+00
       66     2.400000000E+03     3.714220095E-29     0.000000000E+00
       67     2.600000000E+03     4.023738437E-29     0.000000000E+00
       68     2.800000000E+03     4.333256778E-29     0.000000000E+00
       69     3.000000000E+03     4.642775119E-29     0.000000000E+00
       70     3.200000000E+03     4.952293461E-29     0.000000000E+00
       71     3.400000000E+03     5.261811802E-29     0.000000000E+00
       72     3.600000000E+03     5.571330143E-29     0.000000000E+00
       73     3.800000000E+03     5.880848484E-29     0.000000000E+00
       74     4.000000000E+03     6.190366826E-29     0.000000000E+00
       75     4.200000000E+03     6.499885167E-29     0.000000000E+00
       76     4.400000000E+03     6.809403508E-29     0.000000000E+00
       77     4.600000000E+03     7.118921850E-29     0.000000000E+00
       78     4.800000000E+03     7.428440191E-29     0.000000000E+00
       79     5.000000000E+03     7.737958532E-29     0.000000000E+00
       80     5.200000000E+03     8.047476873E-29     0.000000000E+00
       81     5.400000000E+03     8.356995215E-29     0.000000000E+00
       82     5.600000000E+03     8.666513556E-29     0.000000000E+00
       83     5.800000000E+03     8.976031897E-29     0.000000000E+00
       84     6.000000000E+03     9.285550239E-29     0.000000000E+00
       85     6.200000000E+03     9.595068580E-29     0.000000000E+00
       86     6.400000000E+03     9.904586921E-29     0.000000000E+00
       87     6.600000000E+03     1.021410526E-28     0.000000000E+00
       88     6.800000000E+03     1.052362360E-28     0.000000000E+00
       89     7.000000000E+03     1.083314194E-28     0.000000000E+00
       90     7.200000000E+03     1.114266029E-28     0.000000000E+00
       91     7.400000000E+03     1.145217863E-28     0.000000000E+00
       92     7.600000000E+03     1.176169697E-28     0.000000000E+00
       93     7.800000000E+03     1.207121531E-28     0.000000000E+00
       94     8.000000000E+03     1.238073365E-28     0.000000000E+00
       95     8.200000000E+03     1.269025199E-28     0.000000000E+00
       96     8.400000000E+03     1.299977033E-28     0.000000000E+00
       97     8.600000000E+03     1.330928868E-28     0.000000000E+00
       98     8.800000000E+03     1.361880702E-28     0.000000000E+00
       99     4.400000910E+03     3.468543371E+02     0.000000000E+00
      100     4.600001373E+03     3.467913163E+02     0.000000000E+00
      101     4.200001247E+03     3.467912957E+02     0.000000000E+00
      102     4.800000907E+03     3.468961385E+02     0.000000000E+00
      103     4.000001249E+03     3.468962406E+02     0.000000000E+00
      104     5.000001139E+03     3.468104965E+02     0.000000000E+00
      105     3.800001877E+03     3.468104892E+02     0.000000000E+00
      106     5.200001334E+03     3.469038554E+02     0.000000000E+00
      107     3.600001479E+03     3.469038090E+02     0.000000000E+00
      108     5.400001964E+03     3.468149811E+02     0.000000000E+00
      109     3.400001896E+03     3.468149269E+02     0.000000000E+00
      110     5.600003036E+03     3.469056409E+02     0.000000000E+00
      111     3.200001221E+03     3.469055081E+02     0.000000000E+00
      112     5.800004929E+03     3.468158570E+02     0.000000000E+00
      113     3.000001440E+03     3.468154735E+02     0.000000000E+00
      114     6.000007977E+03     3.469061224E+02     0.000000000E+00
      115     2.800000137E+03     3.469048682E+02     0.000000000E+00
      116     6.200013036E+03     3.468164102E+02     0.000000000E+00
      117     2.599999164E+03     3.468129572E+02     0.000000000E+00
      118     6.400020187E+03     3.469068244E+02     0.000000000E+00
      119     2.399997737E+03     3.468979224E+02     0.000000000E+00
      120     6.600031539E+03     3.468178149E+02     0.000000000E+00
      121     2.199993059E+03     3.467934836E+02     0.000000000E+00
      122     6.800047266E+03     3.469080244E+02     0.000000000E+00
      123     1.999986773E+03     3.468589951E+02     0.000000000E+00
      124     7.000068742E+03     3.468189451E+02     0.000000000E+00
      125     1.799976959E+03     3.468097556E+02     0.000000000E+00
      126     7.200092035E+03     3.469055949E+02     0.000000000E+00
      127     1.599962572E+03     3.469351344E+02     0.000000000E+00
      128     7.400134283E+03     3.468071900E+02     0.000000000E+00
      129     1.399937966E+03     3.468569238E+02     0.000000000E+00
      130     7.600150197E+03     3.468854235E+02     0.000000000E+00
      131     1.199919990E+03     3.467395693E+02     0.000000000E+00
      132     7.800212820E+03     3.467791838E+02     0.000000000E+00
      133     9.999340320E+02     3.468393878E+02     0.000000000E+00
      134     8.000120277E+03     3.470198467E+02     0.000000000E+00
      135     7.999356867E+02     3.468029311E+02     0.000000000E+00
      136     8.200194809E+03     3.469487013E+02     0.000000000E+00
      137     5.999544639E+02     3.469796071E+02     0.000000000E+00
      138     8.400187509E+03     3.469416300E+02     0.000000000E+00
      139     3.999631197E+02     3.469750133E+02     0.000000000E+00
      140     8.600118468E+03     3.470228995E+02     0.000000000E+00
      141     3.999809426E+02     5.206215744E+02     0.000000000E+00
      142     5.999730312E+02     5.205953261E+02     0.000000000E+00
      143     7.999662866E+02     5.205307621E+02     0.000000000E+00
      144     9.999590602E+02     5.205347928E+02     0.000000000E+00
      145     1.199956457E+03     5.204807864E+02     0.000000000E+00
      146     1.399962238E+03     5.205283008E+02     0.000000000E+00
      147     1.599979200E+03     5.205789843E+02     0.000000000E+00
      148     1.799987349E+03     5.205109603E+02     0.000000000E+00
      149     1.999992101E+03     5.205186859E+02     0.000000000E+00
      150     2.199994085E+03     5.205609871E+02     0.000000000E+00
      151     2.399997176E+03     5.205404179E+02     0.000000000E+00
      152     2.599998326E+03     5.205721413E+02     0.000000000E+00
      153     2.799999984E+03     5.205452886E+02     0.000000000E+00
      154     2.999999859E+03     5.205738896E+02     0.000000000E+00
      155     3.200000934E+03     5.205457562E+02     0.000000000E+00
      156     3.400000428E+03     5.205736105E+02     0.000000000E+00
      157     3.600001403E+03     5.205444474E+02     0.000000000E+00
      158     3.800000931E+03     5.205709499E+02     0.000000000E+00
      159     4.000001588E+03     5.205383871E+02     0.000000000E+00
      160     4.200001475E+03     5.205610099E+02     0.000000000E+00
      161     4.400000690E+03     5.205243134E+02     0.000000000E+00
      162     4.599998953E+03     5.205604934E+02     0.000000000E+00
      163     4.799999646E+03     5.205390194E+02     0.000000000E+00
      164     4.999999975E+03     5.205714215E+02     0.000000000E+00
      165     5.200000580E+03     5.205446521E+02     0.000000000E+00
      166     5.400001067E+03     5.205736762E+02     0.000000000E+00
      167     5.600002006E+03     5.205458017E+02     0.000000000E+00
      168     5.800003311E+03     5.205740981E+02     0.000000000E+00
      169     6.000005547E+03     5.205459730E+02     0.000000000E+00
      170     6.200008873E+03     5.205741908E+02     0.000000000E+00
      171     6.400014010E+03     5.205461450E+02     0.000000000E+00
      172     6.600021566E+03     5.205743253E+02     0.000000000E+00
      173     6.800032604E+03     5.205463727E+02     0.000000000E+00
      174     7.000044037E+03     5.205736417E+02     0.000000000E+00
      175     7.200066490E+03     5.205428398E+02     0.000000000E+00
      176     7.400078759E+03     5.205665615E+02     0.000000000E+00
      177     7.600113817E+03     5.205181824E+02     0.000000000E+00
      178     7.800061192E+03     5.206498950E+02     0.000000000E+00
      179     8.000092356E+03     5.206131895E+02     0.000000000E+00
      180     8.200085619E+03     5.206360938E+02     0.000000000E+00
      181     8.400091558E+03     5.206149189E+02     0.000000000E+00
      182     8.600070164E+03     1.735170887E+02     0.000000000E+00
      183     8.400110041E+03     1.734561881E+02     0.000000000E+00
      184     8.200106753E+03     1.734562219E+02     0.000000000E+00
      185     8.000106429E+03     1.734988855E+02     0.000000000E+00
      186     7.800104820E+03     1.733827876E+02     0.000000000E+00
      187     7.600082242E+03     1.734239809E+02     0.000000000E+00
      188     7.400069973E+03     1.733813200E+02     0.000000000E+00
      189     7.200050795E+03     1.734247730E+02     0.000000000E+00
      190     7.000039070E+03     1.733855726E+02     0.000000000E+00
      191     6.800026208E+03     1.734252306E+02     0.000000000E+00
      192     6.600018861E+03     1.733844727E+02     0.000000000E+00
      193     6.400011773E+03     1.734242721E+02     0.000000000E+00
      194     6.200008084E+03     1.733833302E+02     0.000000000E+00
      195     6.000004761E+03     1.734235925E+02     0.000000000E+00
      196     5.800003279E+03     1.733827779E+02     0.000000000E+00
      197     5.600001909E+03     1.734231139E+02     0.000000000E+00
      198     5.400001558E+03     1.733820577E+02     0.000000000E+00
      199     5.200001185E+03     1.734217555E+02     0.000000000E+00
      200     5.000001536E+03     1.733788446E+02     0.000000000E+00
      201     4.800001112E+03     1.734167946E+02     0.000000000E+00
      202     4.600001733E+03     1.733680751E+02     0.000000000E+00
      203     4.400000367E+03     1.733995056E+02     0.000000000E+00
      204     4.199999815E+03     1.733676589E+02     0.000000000E+00
      205     3.999999504E+03     1.734171666E+02     0.000000000E+00
      206     3.800000576E+03     1.733793399E+02     0.000000000E+00
      207     3.600000186E+03     1.734219498E+02     0.000000000E+00
      208     3.400000939E+03     1.733820399E+02     0.000000000E+00
      209     3.200000270E+03     1.734229625E+02     0.000000000E+00
      210     3.000000803E+03     1.733823749E+02     0.000000000E+00
      211     2.799999548E+03     1.734225360E+02     0.000000000E+00
      212     2.599999638E+03     1.733806833E+02     0.000000000E+00
      213     2.399998498E+03     1.734175788E+02     0.000000000E+00
      214     2.199995922E+03     1.733611796E+02     0.000000000E+00
      215     1.999987937E+03     1.733731870E+02     0.000000000E+00
      216     1.799982391E+03     1.733923211E+02     0.000000000E+00
      217     1.599972045E+03     1.734407392E+02     0.000000000E+00
      218     1.399962753E+03     1.734142866E+02     0.000000000E+00
      219     1.199947230E+03     1.733389055E+02     0.000000000E+00
      220     9.999472223E+02     1.733513075E+02     0.000000000E+00
      221     7.999627749E+02     1.734625054E+02     0.000000000E+00
      222     5.999731276E+02     1.735079387E+02     0.000000000E+00
      223     3.999778058E+02     1.734797548E+02     0.000000000E+00
      224     1.999979994E+02     3.471205857E+02     0.000000000E+00
      225     1.999843534E+02     1.735509247E+02     0.000000000E+00
      226     8.600032810E+03     5.206738355E+02     0.000000000E+00
      227     8.800047466E+03     3.471115583E+02     0.000000000E+00
      228     8.800022920E+03     1.735570053E+02     0.000000000E+00
      229     8.800003303E+03     5.207017233E+02     0.000000000E+00
      230     1.999951506E+02     5.206848425E+02     0.000000000E+00
      231     8.900000000E+03     6.943000000E+02     0.000000000E+00
      232     9.000000000E+03     6.075125000E+02     0.000000000E+00
      233     1.000000000E+02     6.943000000E+02     0.000000000E+00
      234     0.000000000E+00     6.075125000E+02     0.000000000E+00
      235     9.000000000E+03     8.678750000E+01     0.000000000E+00
      236     8.900000000E+03     1.377356619E-28     0.000000000E+00
      237     0.000000000E+00     8.678750000E+01     0.000000000E+00
      238     1.000000000E+02     1.547591706E-30     0.000000000E+00
      239     8.700000000E+03     6.943000000E+02     0.000000000E+00
      240     8.800001651E+03     6.075008616E+02     0.000000000E+00
      241     8.500000000E+03     6.943000000E+02     0.000000000E+00
      242     8.600016405E+03     6.074869178E+02     0.000000000E+00
      243     8.300000000E+03     6.943000000E+02     0.000000000E+00
      244     8.400045779E+03     6.074574594E+02     0.000000000E+00
      245     8.100000000E+03     6.943000000E+02     0.000000000E+00
      246     8.200042810E+03     6.074680469E+02     0.000000000E+00
      247     7.900000000E+03     6.943000000E+02     0.000000000E+00
      248     8.000046178E+03     6.074565947E+02     0.000000000E+00
      249     7.700000000E+03     6.943000000E+02     0.000000000E+00
      250     7.800030596E+03     6.074749475E+02     0.000000000E+00
      251     7.500000000E+03     6.943000000E+02     0.000000000E+00
      252     7.600056908E+03     6.074090912E+02     0.000000000E+00
      253     7.300000000E+03     6.943000000E+02     0.000000000E+00
      254     7.400039380E+03     6.074332807E+02     0.000000000E+00
      255     7.100000000E+03     6.943000000E+02     0.000000000E+00
      256     7.200033245E+03     6.074214199E+02     0.000000000E+00
      257     6.900000000E+03     6.943000000E+02     0.000000000E+00
      258     7.000022018E+03     6.074368208E+02     0.000000000E+00
      259     6.700000000E+03     6.943000000E+02     0.000000000E+00
      260     6.800016302E+03     6.074231863E+02     0.000000000E+00
      261     6.500000000E+03     6.943000000E+02     0.000000000E+00
      262     6.600010783E+03     6.074371627E+02     0.000000000E+00
      263     6.300000000E+03     6.943000000E+02     0.000000000E+00
      264     6.400007005E+03     6.074230725E+02     0.000000000E+00
      265     6.100000000E+03     6.943000000E+02     0.000000000E+00
      266     6.200004436E+03     6.074370954E+02     0.000000000E+00
      267     5.900000000E+03     6.943000000E+02     0.000000000E+00
      268     6.000002774E+03     6.074229865E+02     0.000000000E+00
      269     5.700000000E+03     6.943000000E+02     0.000000000E+00
      270     5.800001656E+03     6.074370491E+02     0.000000000E+00
      271     5.500000000E+03     6.943000000E+02     0.000000000E+00
      272     5.600001003E+03     6.074229008E+02     0.000000000E+00
      273     5.300000000E+03     6.943000000E+02     0.000000000E+00
      274     5.400000533E+03     6.074368381E+02     0.000000000E+00
      275     5.100000000E+03     6.943000000E+02     0.000000000E+00
      276     5.200000290E+03     6.074223260E+02     0.000000000E+00
      277     4.900000000E+03     6.943000000E+02     0.000000000E+00
      278     4.999999987E+03     6.074357107E+02     0.000000000E+00
      279     4.700000000E+03     6.943000000E+02     0.000000000E+00
      280     4.799999823E+03     6.074195097E+02     0.000000000E+00
      281     4.500000000E+03     6.943000000E+02     0.000000000E+00
      282     4.599999476E+03     6.074302467E+02     0.000000000E+00
      283     4.300000000E+03     6.943000000E+02     0.000000000E+00
      284     4.400000345E+03     6.074121567E+02     0.000000000E+00
      285     4.100000000E+03     6.943000000E+02     0.000000000E+00
      286     4.200000738E+03     6.074305050E+02     0.000000000E+00
      287     3.900000000E+03     6.943000000E+02     0.000000000E+00
      288     4.000000794E+03     6.074191935E+02     0.000000000E+00
      289     3.700000000E+03     6.943000000E+02     0.000000000E+00
      290     3.800000466E+03     6.074354750E+02     0.000000000E+00
      291     3.500000000E+03     6.943000000E+02     0.000000000E+00
      292     3.600000701E+03     6.074222237E+02     0.000000000E+00
      293     3.300000000E+03     6.943000000E+02     0.000000000E+00
      294     3.400000214E+03     6.074368052E+02     0.000000000E+00
      295     3.100000000E+03     6.943000000E+02     0.000000000E+00
      296     3.200000467E+03     6.074228781E+02     0.000000000E+00
      297     2.900000000E+03     6.943000000E+02     0.000000000E+00
      298     2.999999929E+03     6.074369448E+02     0.000000000E+00
      299     2.700000000E+03     6.943000000E+02     0.000000000E+00
      300     2.799999992E+03     6.074226443E+02     0.000000000E+00
      301     2.500000000E+03     6.943000000E+02     0.000000000E+00
      302     2.599999163E+03     6.074360706E+02     0.000000000E+00
      303     2.300000000E+03     6.943000000E+02     0.000000000E+00
      304     2.399998588E+03     6.074202090E+02     0.000000000E+00
      305     2.100000000E+03     6.943000000E+02     0.000000000E+00
      306     2.199997042E+03     6.074304935E+02     0.000000000E+00
      307     1.900000000E+03     6.943000000E+02     0.000000000E+00
      308     1.999996051E+03     6.074093429E+02     0.000000000E+00
      309     1.700000000E+03     6.943000000E+02     0.000000000E+00
      310     1.799993675E+03     6.074054802E+02     0.000000000E+00
      311     1.500000000E+03     6.943000000E+02     0.000000000E+00
      312     1.599989600E+03     6.074394921E+02     0.000000000E+00
      313     1.300000000E+03     6.943000000E+02     0.000000000E+00
      314     1.399981119E+03     6.074141504E+02     0.000000000E+00
      315     1.100000000E+03     6.943000000E+02     0.000000000E+00
      316     1.199978229E+03     6.073903932E+02     0.000000000E+00
      317     9.000000000E+02     6.943000000E+02     0.000000000E+00
      318     9.999795301E+02     6.074173964E+02     0.000000000E+00
      319     7.000000000E+02     6.943000000E+02     0.000000000E+00
      320     7.999831433E+02     6.074153811E+02     0.000000000E+00
      321     5.000000000E+02     6.943000000E+02     0.000000000E+00
      322     5.999865156E+02     6.074476631E+02     0.000000000E+00
      323     3.000000000E+02     6.943000000E+02     0.000000000E+00
      324     3.999904713E+02     6.074607872E+02     0.000000000E+00
      325     1.999975753E+02     6.074924213E+02     0.000000000E+00
      326     9.000000000E+03     4.339375000E+02     0.000000000E+00
      327     8.900001651E+03     5.207133616E+02     0.000000000E+00
      328     9.000000000E+03     2.603625000E+02     0.000000000E+00
      329     8.900023733E+03     3.471307791E+02     0.000000000E+00
      330     8.900011460E+03     1.735660027E+02     0.000000000E+00
      331     0.000000000E+00     4.339375000E+02     0.000000000E+00
      332     9.999757529E+01     5.207049213E+02     0.000000000E+00
      333     0.000000000E+00     2.603625000E+02     0.000000000E+00
      334     9.999899969E+01     3.471352928E+02     0.000000000E+00
      335     9.999217668E+01     1.735629624E+02     0.000000000E+00
      336     3.000000000E+02     4.642775119E-30     0.000000000E+00
      337     1.999921767E+02     8.677546237E+01     0.000000000E+00
      338     5.000000000E+02     7.737958532E-30     0.000000000E+00
      339     3.999889029E+02     8.673987741E+01     0.000000000E+00
      340     7.000000000E+02     1.083314194E-29     0.000000000E+00
      341     5.999865638E+02     8.675396936E+01     0.000000000E+00
      342     9.000000000E+02     1.392832536E-29     0.000000000E+00
      343     7.999813875E+02     8.673125269E+01     0.000000000E+00
      344     1.100000000E+03     1.702350877E-29     0.000000000E+00
      345     9.999736111E+02     8.667565374E+01     0.000000000E+00
      346     1.300000000E+03     2.011869218E-29     0.000000000E+00
      347     1.199973615E+03     8.666945274E+01     0.000000000E+00
      348     1.500000000E+03     2.321387560E-29     0.000000000E+00
      349     1.399981377E+03     8.670714328E+01     0.000000000E+00
      350     1.700000000E+03     2.630905901E-29     0.000000000E+00
      351     1.599986022E+03     8.672036961E+01     0.000000000E+00
      352     1.900000000E+03     2.940424242E-29     0.000000000E+00
      353     1.799991196E+03     8.669616057E+01     0.000000000E+00
      354     2.100000000E+03     3.249942583E-29     0.000000000E+00
      355     1.999993968E+03     8.668659348E+01     0.000000000E+00
      356     2.300000000E+03     3.559460925E-29     0.000000000E+00
      357     2.199997961E+03     8.668058979E+01     0.000000000E+00
      358     2.500000000E+03     3.868979266E-29     0.000000000E+00
      359     2.399999249E+03     8.670878938E+01     0.000000000E+00
      360     2.700000000E+03     4.178497607E-29     0.000000000E+00
      361     2.599999819E+03     8.669034163E+01     0.000000000E+00
      362     2.900000000E+03     4.488015949E-29     0.000000000E+00
      363     2.799999774E+03     8.671126798E+01     0.000000000E+00
      364     3.100000000E+03     4.797534290E-29     0.000000000E+00
      365     3.000000401E+03     8.669118745E+01     0.000000000E+00
      366     3.300000000E+03     5.107052631E-29     0.000000000E+00
      367     3.200000135E+03     8.671148124E+01     0.000000000E+00
      368     3.500000000E+03     5.416570972E-29     0.000000000E+00
      369     3.400000469E+03     8.669101994E+01     0.000000000E+00
      370     3.700000000E+03     5.726089314E-29     0.000000000E+00
      371     3.600000093E+03     8.671097492E+01     0.000000000E+00
      372     3.900000000E+03     6.035607655E-29     0.000000000E+00
      373     3.800000288E+03     8.668966995E+01     0.000000000E+00
      374     4.100000000E+03     6.345125996E-29     0.000000000E+00
      375     3.999999752E+03     8.670858328E+01     0.000000000E+00
      376     4.300000000E+03     6.654644338E-29     0.000000000E+00
      377     4.199999908E+03     8.668382946E+01     0.000000000E+00
      378     4.500000000E+03     6.964162679E-29     0.000000000E+00
      379     4.400000183E+03     8.669975280E+01     0.000000000E+00
      380     4.700000000E+03     7.273681020E-29     0.000000000E+00
      381     4.600000866E+03     8.668403757E+01     0.000000000E+00
      382     4.900000000E+03     7.583199361E-29     0.000000000E+00
      383     4.800000556E+03     8.670839729E+01     0.000000000E+00
      384     5.100000000E+03     7.892717703E-29     0.000000000E+00
      385     5.000000768E+03     8.668942228E+01     0.000000000E+00
      386     5.300000000E+03     8.202236044E-29     0.000000000E+00
      387     5.200000592E+03     8.671087773E+01     0.000000000E+00
      388     5.500000000E+03     8.511754385E-29     0.000000000E+00
      389     5.400000779E+03     8.669102884E+01     0.000000000E+00
      390     5.700000000E+03     8.821272727E-29     0.000000000E+00
      391     5.600000955E+03     8.671155697E+01     0.000000000E+00
      392     5.900000000E+03     9.130791068E-29     0.000000000E+00
      393     5.800001640E+03     8.669138894E+01     0.000000000E+00
      394     6.100000000E+03     9.440309409E-29     0.000000000E+00
      395     6.000002381E+03     8.671179627E+01     0.000000000E+00
      396     6.300000000E+03     9.749827750E-29     0.000000000E+00
      397     6.200004042E+03     8.669166508E+01     0.000000000E+00
      398     6.500000000E+03     1.005934609E-28     0.000000000E+00
      399     6.400005886E+03     8.671213605E+01     0.000000000E+00
      400     6.700000000E+03     1.036886443E-28     0.000000000E+00
      401     6.600009430E+03     8.669223634E+01     0.000000000E+00
      402     6.900000000E+03     1.067838277E-28     0.000000000E+00
      403     6.800013104E+03     8.671261530E+01     0.000000000E+00
      404     7.100000000E+03     1.098790112E-28     0.000000000E+00
      405     7.000019535E+03     8.669278628E+01     0.000000000E+00
      406     7.300000000E+03     1.129741946E-28     0.000000000E+00
      407     7.200025398E+03     8.671238651E+01     0.000000000E+00
      408     7.500000000E+03     1.160693780E-28     0.000000000E+00
      409     7.400034986E+03     8.669066001E+01     0.000000000E+00
      410     7.700000000E+03     1.191645614E-28     0.000000000E+00
      411     7.600041121E+03     8.671199047E+01     0.000000000E+00
      412     7.900000000E+03     1.222597448E-28     0.000000000E+00
      413     7.800052410E+03     8.669139382E+01     0.000000000E+00
      414     8.100000000E+03     1.253549282E-28     0.000000000E+00
      415     8.000053214E+03     8.674944275E+01     0.000000000E+00
      416     8.300000000E+03     1.284501116E-28     0.000000000E+00
      417     8.200053377E+03     8.672811096E+01     0.000000000E+00
      418     8.500000000E+03     1.315452950E-28     0.000000000E+00
      419     8.400055020E+03     8.672809407E+01     0.000000000E+00
      420     8.700000000E+03     1.346404785E-28     0.000000000E+00
      421     8.600035082E+03     8.675854437E+01     0.000000000E+00
      422     8.800011460E+03     8.677850266E+01     0.000000000E+00
      423     4.500001141E+03     3.468228267E+02     0.000000000E+00
      424     4.300001079E+03     3.468228164E+02     0.000000000E+00
      425     4.400000800E+03     4.336893253E+02     0.000000000E+00
      426     4.400000638E+03     2.601269213E+02     0.000000000E+00
      427     4.700001140E+03     3.468437274E+02     0.000000000E+00
      428     4.600000163E+03     4.336759049E+02     0.000000000E+00
      429     4.600001553E+03     2.600796957E+02     0.000000000E+00
      430     4.100001248E+03     3.468437682E+02     0.000000000E+00
      431     4.200001361E+03     4.336761528E+02     0.000000000E+00
      432     4.200000531E+03     2.600794773E+02     0.000000000E+00
      433     4.900001023E+03     3.468533175E+02     0.000000000E+00
      434     4.800000276E+03     4.337175790E+02     0.000000000E+00
      435     4.800001009E+03     2.601564665E+02     0.000000000E+00
      436     3.900001563E+03     3.468533649E+02     0.000000000E+00
      437     4.000001418E+03     4.337173138E+02     0.000000000E+00
      438     4.000000376E+03     2.601567036E+02     0.000000000E+00
      439     5.100001237E+03     3.468571760E+02     0.000000000E+00
      440     5.000000557E+03     4.336909590E+02     0.000000000E+00
      441     5.000001337E+03     2.600946705E+02     0.000000000E+00
      442     3.700001678E+03     3.468571491E+02     0.000000000E+00
      443     3.800001404E+03     4.336907196E+02     0.000000000E+00
      444     3.800001227E+03     2.600949146E+02     0.000000000E+00
      445     5.300001649E+03     3.468594183E+02     0.000000000E+00
      446     5.200000957E+03     4.337242538E+02     0.000000000E+00
      447     5.200001260E+03     2.601628054E+02     0.000000000E+00
      448     3.500001688E+03     3.468593679E+02     0.000000000E+00
      449     3.600001441E+03     4.337241282E+02     0.000000000E+00
      450     3.600000832E+03     2.601628794E+02     0.000000000E+00
      451     5.500002500E+03     3.468603110E+02     0.000000000E+00
      452     5.400001515E+03     4.336943286E+02     0.000000000E+00
      453     5.400001761E+03     2.600985194E+02     0.000000000E+00
      454     3.300001559E+03     3.468602175E+02     0.000000000E+00
      455     3.400001162E+03     4.336942687E+02     0.000000000E+00
      456     3.400001418E+03     2.600984834E+02     0.000000000E+00
      457     5.700003983E+03     3.468607489E+02     0.000000000E+00
      458     5.600002521E+03     4.337257213E+02     0.000000000E+00
      459     5.600002473E+03     2.601643774E+02     0.000000000E+00
      460     3.100001331E+03     3.468604908E+02     0.000000000E+00
      461     3.200001077E+03     4.337256322E+02     0.000000000E+00
      462     3.200000745E+03     2.601642353E+02     0.000000000E+00
      463     5.900006453E+03     3.468609897E+02     0.000000000E+00
      464     5.800004120E+03     4.336949776E+02     0.000000000E+00
      465     5.800004104E+03     2.600993174E+02     0.000000000E+00
      466     2.900000788E+03     3.468601708E+02     0.000000000E+00
      467     3.000000650E+03     4.336946816E+02     0.000000000E+00
      468     3.000001122E+03     2.600989242E+02     0.000000000E+00
      469     6.100010506E+03     3.468612663E+02     0.000000000E+00
      470     6.000006762E+03     4.337260477E+02     0.000000000E+00
      471     6.000006369E+03     2.601648575E+02     0.000000000E+00
      472     2.699999650E+03     3.468589127E+02     0.000000000E+00
      473     2.800000060E+03     4.337250784E+02     0.000000000E+00
      474     2.799999842E+03     2.601637021E+02     0.000000000E+00
      475     6.300016611E+03     3.468616173E+02     0.000000000E+00
      476     6.200010954E+03     4.336953005E+02     0.000000000E+00
      477     6.200010560E+03     2.600998702E+02     0.000000000E+00
      478     2.499998450E+03     3.468554398E+02     0.000000000E+00
      479     2.599998745E+03     4.336925492E+02     0.000000000E+00
      480     2.599999401E+03     2.600968202E+02     0.000000000E+00
      481     6.500025863E+03     3.468623197E+02     0.000000000E+00
      482     6.400017098E+03     4.337264847E+02     0.000000000E+00
      483     6.400015980E+03     2.601655483E+02     0.000000000E+00
      484     2.299995398E+03     3.468457030E+02     0.000000000E+00
      485     2.399997456E+03     4.337191702E+02     0.000000000E+00
      486     2.399998117E+03     2.601577506E+02     0.000000000E+00
      487     6.700039402E+03     3.468629196E+02     0.000000000E+00
      488     6.600026552E+03     4.336960701E+02     0.000000000E+00
      489     6.600025200E+03     2.601011438E+02     0.000000000E+00
      490     2.099989916E+03     3.468262393E+02     0.000000000E+00
      491     2.199993572E+03     4.336772353E+02     0.000000000E+00
      492     2.199994490E+03     2.600773316E+02     0.000000000E+00
      493     6.900058004E+03     3.468634847E+02     0.000000000E+00
      494     6.800039935E+03     4.337271985E+02     0.000000000E+00
      495     6.800036737E+03     2.601666275E+02     0.000000000E+00
      496     1.899981866E+03     3.468343753E+02     0.000000000E+00
      497     1.999989437E+03     4.336888405E+02     0.000000000E+00
      498     1.999987355E+03     2.601160910E+02     0.000000000E+00
      499     7.100080389E+03     3.468622700E+02     0.000000000E+00
      500     7.000056389E+03     4.336962934E+02     0.000000000E+00
      501     7.000053906E+03     2.601022588E+02     0.000000000E+00
      502     1.699969765E+03     3.468724450E+02     0.000000000E+00
      503     1.799982154E+03     4.336603580E+02     0.000000000E+00
      504     1.799979675E+03     2.601010384E+02     0.000000000E+00
      505     7.300113159E+03     3.468563925E+02     0.000000000E+00
      506     7.200079262E+03     4.337242173E+02     0.000000000E+00
      507     7.200071415E+03     2.601651840E+02     0.000000000E+00
      508     1.499950269E+03     3.468960291E+02     0.000000000E+00
      509     1.599970886E+03     4.337570593E+02     0.000000000E+00
      510     1.599967308E+03     2.601879368E+02     0.000000000E+00
      511     7.500142240E+03     3.468463067E+02     0.000000000E+00
      512     7.400106521E+03     4.336868758E+02     0.000000000E+00
      513     7.400102128E+03     2.600942550E+02     0.000000000E+00
      514     1.299928978E+03     3.467982466E+02     0.000000000E+00
      515     1.399950102E+03     4.336926123E+02     0.000000000E+00
      516     1.399950360E+03     2.601356052E+02     0.000000000E+00
      517     7.700181508E+03     3.468323036E+02     0.000000000E+00
      518     7.600132007E+03     4.337018029E+02     0.000000000E+00
      519     7.600116219E+03     2.601547022E+02     0.000000000E+00
      520     1.099927011E+03     3.467894785E+02     0.000000000E+00
      521     1.199938223E+03     4.336101779E+02     0.000000000E+00
      522     1.199933610E+03     2.600392374E+02     0.000000000E+00
      523     7.900166548E+03     3.468995153E+02     0.000000000E+00
      524     7.800137006E+03     4.337145394E+02     0.000000000E+00
      525     7.800158820E+03     2.600809857E+02     0.000000000E+00
      526     8.999348594E+02     3.468211594E+02     0.000000000E+00
      527     9.999465461E+02     4.336870903E+02     0.000000000E+00
      528     9.999406271E+02     2.600953476E+02     0.000000000E+00
      529     8.100157543E+03     3.469842740E+02     0.000000000E+00
      530     8.000106317E+03     4.338165181E+02     0.000000000E+00
      531     8.000113353E+03     2.602593661E+02     0.000000000E+00
      532     6.999450753E+02     3.468912691E+02     0.000000000E+00
      533     7.999509867E+02     4.336668466E+02     0.000000000E+00
      534     7.999492308E+02     2.601327182E+02     0.000000000E+00
      535     8.300191159E+03     3.469451656E+02     0.000000000E+00
      536     8.200140214E+03     4.337923976E+02     0.000000000E+00
      537     8.200150781E+03     2.602024616E+02     0.000000000E+00
      538     4.999587918E+02     3.469773102E+02     0.000000000E+00
      539     5.999637476E+02     4.337874666E+02     0.000000000E+00
      540     5.999637957E+02     2.602437729E+02     0.000000000E+00
      541     8.500152989E+03     3.469822647E+02     0.000000000E+00
      542     8.400139534E+03     4.337782744E+02     0.000000000E+00
      543     8.400148775E+03     2.601989090E+02     0.000000000E+00
      544     3.999720311E+02     4.337982938E+02     0.000000000E+00
      545     3.999704628E+02     2.602273841E+02     0.000000000E+00
      546     2.999805595E+02     3.470477995E+02     0.000000000E+00
      547     8.600094316E+03     2.602699941E+02     0.000000000E+00
      548     8.600075639E+03     4.338483675E+02     0.000000000E+00
      549     8.700082967E+03     3.470672289E+02     0.000000000E+00
      550     4.999769869E+02     5.206084503E+02     0.000000000E+00
      551     2.999880466E+02     5.206532085E+02     0.000000000E+00
      552     6.999696589E+02     5.205630441E+02     0.000000000E+00
      553     8.999626734E+02     5.205327775E+02     0.000000000E+00
      554     1.099957759E+03     5.205077896E+02     0.000000000E+00
      555     1.299959348E+03     5.205045436E+02     0.000000000E+00
      556     1.499970719E+03     5.205536425E+02     0.000000000E+00
      557     1.699983275E+03     5.205449723E+02     0.000000000E+00
      558     1.899989725E+03     5.205148231E+02     0.000000000E+00
      559     2.099993093E+03     5.205398365E+02     0.000000000E+00
      560     2.299995630E+03     5.205507025E+02     0.000000000E+00
      561     2.499997751E+03     5.205562796E+02     0.000000000E+00
      562     2.699999155E+03     5.205587150E+02     0.000000000E+00
      563     2.899999921E+03     5.205595891E+02     0.000000000E+00
      564     3.100000396E+03     5.205598229E+02     0.000000000E+00
      565     3.300000681E+03     5.205596833E+02     0.000000000E+00
      566     3.500000915E+03     5.205590289E+02     0.000000000E+00
      567     3.700001167E+03     5.205576987E+02     0.000000000E+00
      568     3.900001260E+03     5.205546685E+02     0.000000000E+00
      569     4.100001532E+03     5.205496985E+02     0.000000000E+00
      570     4.300001083E+03     5.205426617E+02     0.000000000E+00
      571     4.499999821E+03     5.205424034E+02     0.000000000E+00
      572     4.699999299E+03     5.205497564E+02     0.000000000E+00
      573     4.899999810E+03     5.205552205E+02     0.000000000E+00
      574     5.100000278E+03     5.205580368E+02     0.000000000E+00
      575     5.300000823E+03     5.205591641E+02     0.000000000E+00
      576     5.500001536E+03     5.205597389E+02     0.000000000E+00
      577     5.700002658E+03     5.205599499E+02     0.000000000E+00
      578     5.900004429E+03     5.205600356E+02     0.000000000E+00
      579     6.100007210E+03     5.205600819E+02     0.000000000E+00
      580     6.300011441E+03     5.205601679E+02     0.000000000E+00
      581     6.500017788E+03     5.205602351E+02     0.000000000E+00
      582     6.700027085E+03     5.205603490E+02     0.000000000E+00
      583     6.900038321E+03     5.205600072E+02     0.000000000E+00
      584     7.100055263E+03     5.205582407E+02     0.000000000E+00
      585     7.300072624E+03     5.205547006E+02     0.000000000E+00
      586     7.500096288E+03     5.205423720E+02     0.000000000E+00
      587     7.700087504E+03     5.205840387E+02     0.000000000E+00
      588     7.900076774E+03     5.206315423E+02     0.000000000E+00
      589     8.100088988E+03     5.206246416E+02     0.000000000E+00
      590     8.300088589E+03     5.206255064E+02     0.000000000E+00
      591     8.500062184E+03     5.206443772E+02     0.000000000E+00
      592     8.500090102E+03     1.734866384E+02     0.000000000E+00
      593     8.700046542E+03     1.735370470E+02     0.000000000E+00
      594     8.300108397E+03     1.734562050E+02     0.000000000E+00
      595     8.100106591E+03     1.734775537E+02     0.000000000E+00
      596     7.900105625E+03     1.734408366E+02     0.000000000E+00
      597     7.700093531E+03     1.734033843E+02     0.000000000E+00
      598     7.500076107E+03     1.734026505E+02     0.000000000E+00
      599     7.300060384E+03     1.734030465E+02     0.000000000E+00
      600     7.100044933E+03     1.734051728E+02     0.000000000E+00
      601     6.900032639E+03     1.734054016E+02     0.000000000E+00
      602     6.700022534E+03     1.734048516E+02     0.000000000E+00
      603     6.500015317E+03     1.734043724E+02     0.000000000E+00
      604     6.300009928E+03     1.734038011E+02     0.000000000E+00
      605     6.100006423E+03     1.734034613E+02     0.000000000E+00
      606     5.900004020E+03     1.734031852E+02     0.000000000E+00
      607     5.700002594E+03     1.734029459E+02     0.000000000E+00
      608     5.500001733E+03     1.734025858E+02     0.000000000E+00
      609     5.300001371E+03     1.734019066E+02     0.000000000E+00
      610     5.100001360E+03     1.734003000E+02     0.000000000E+00
      611     4.900001324E+03     1.733978196E+02     0.000000000E+00
      612     4.700001422E+03     1.733924349E+02     0.000000000E+00
      613     4.500001050E+03     1.733837904E+02     0.000000000E+00
      614     4.300000091E+03     1.733835823E+02     0.000000000E+00
      615     4.099999660E+03     1.733924127E+02     0.000000000E+00
      616     3.900000040E+03     1.733982532E+02     0.000000000E+00
      617     3.700000381E+03     1.734006449E+02     0.000000000E+00
      618     3.500000562E+03     1.734019949E+02     0.000000000E+00
      619     3.300000604E+03     1.734025012E+02     0.000000000E+00
      620     3.100000536E+03     1.734026687E+02     0.000000000E+00
      621     2.900000175E+03     1.734024554E+02     0.000000000E+00
      622     2.699999593E+03     1.734016096E+02     0.000000000E+00
      623     2.499999068E+03     1.733991310E+02     0.000000000E+00
      624     2.299997210E+03     1.733893792E+02     0.000000000E+00
      625     2.099991929E+03     1.733671833E+02     0.000000000E+00
      626     1.899985164E+03     1.733827540E+02     0.000000000E+00
      627     1.699977218E+03     1.734165302E+02     0.000000000E+00
      628     1.499967399E+03     1.734275129E+02     0.000000000E+00
      629     1.299954992E+03     1.733765960E+02     0.000000000E+00
      630     1.099947226E+03     1.733451065E+02     0.000000000E+00
      631     8.999549986E+02     1.734069064E+02     0.000000000E+00
      632     6.999679512E+02     1.734852220E+02     0.000000000E+00
      633     4.999754667E+02     1.734938468E+02     0.000000000E+00
      634     2.999810796E+02     1.735153398E+02     0.000000000E+00
      635     1.999911764E+02     2.603357552E+02     0.000000000E+00
      636     1.999965750E+02     4.339027141E+02     0.000000000E+00
      637     8.700018056E+03     5.206877794E+02     0.000000000E+00
      638     8.800035193E+03     2.603342818E+02     0.000000000E+00
      639     8.800025384E+03     4.339066408E+02     0.000000000E+00
-1
/wb,elem,start            !  set before creation of elements
/com,*********** Elements for Body 1 'Balken_9|Fl_1' ***********
et,1,183
keyo,1,3,1
MAT,1 $ TYPE,1 $ REAL,1 $ SECNUM,1 $ ESYS,0
eblock,11,COMPACT,,180
(11i9)
        1      100      162      161       99      428      571      425      423
        2       99      203      202      100      426      613      429      423
        3       99      101      204      203      424      432      614      426
        4       99      161      160      101      425      570      431      424
        5      202      201      102      100      612      435      427      429
        6      102      163      162      100      434      572      428      427
        7      101      103      205      204      430      438      615      432
        8      101      160      159      103      431      569      437      430
        9      201      200      104      102      611      441      433      435
       10      104      164      163      102      440      573      434      433
       11      103      105      206      205      436      444      616      438
       12      103      159      158      105      437      568      443      436
       13      200      199      106      104      610      447      439      441
       14      106      165      164      104      446      574      440      439
       15      105      107      207      206      442      450      617      444
       16      105      158      157      107      443      567      449      442
       17      199      198      108      106      609      453      445      447
       18      108      166      165      106      452      575      446      445
       19      107      109      208      207      448      456      618      450
       20      107      157      156      109      449      566      455      448
       21      198      197      110      108      608      459      451      453
       22      110      167      166      108      458      576      452      451
       23      109      111      209      208      454      462      619      456
       24      109      156      155      111      455      565      461      454
       25      197      196      112      110      607      465      457      459
       26      112      168      167      110      464      577      458      457
       27      111      113      210      209      460      468      620      462
       28      111      155      154      113      461      564      467      460
       29      196      195      114      112      606      471      463      465
       30      114      169      168      112      470      578      464      463
       31      113      115      211      210      466      474      621      468
       32      113      154      153      115      467      563      473      466
       33      195      194      116      114      605      477      469      471
       34      116      170      169      114      476      579      470      469
       35      115      117      212      211      472      480      622      474
       36      115      153      152      117      473      562      479      472
       37      194      193      118      116      604      483      475      477
       38      118      171      170      116      482      580      476      475
       39      117      119      213      212      478      486      623      480
       40      117      152      151      119      479      561      485      478
       41      193      192      120      118      603      489      481      483
       42      120      172      171      118      488      581      482      481
       43      119      121      214      213      484      492      624      486
       44      119      151      150      121      485      560      491      484
       45      192      191      122      120      602      495      487      489
       46      122      173      172      120      494      582      488      487
       47      121      123      215      214      490      498      625      492
       48      121      150      149      123      491      559      497      490
       49      191      190      124      122      601      501      493      495
       50      124      174      173      122      500      583      494      493
       51      123      125      216      215      496      504      626      498
       52      123      149      148      125      497      558      503      496
       53      190      189      126      124      600      507      499      501
       54      126      175      174      124      506      584      500      499
       55      125      127      217      216      502      510      627      504
       56      125      148      147      127      503      557      509      502
       57      189      188      128      126      599      513      505      507
       58      128      176      175      126      512      585      506      505
       59      127      129      218      217      508      516      628      510
       60      127      147      146      129      509      556      515      508
       61      188      187      130      128      598      519      511      513
       62      130      177      176      128      518      586      512      511
       63      129      131      219      218      514      522      629      516
       64      129      146      145      131      515      555      521      514
       65      187      186      132      130      597      525      517      519
       66      132      178      177      130      524      587      518      517
       67      131      133      220      219      520      528      630      522
       68      131      145      144      133      521      554      527      520
       69      186      185      134      132      596      531      523      525
       70      134      179      178      132      530      588      524      523
       71      133      135      221      220      526      534      631      528
       72      133      144      143      135      527      553      533      526
       73      185      184      136      134      595      537      529      531
       74      136      180      179      134      536      589      530      529
       75      135      137      222      221      532      540      632      534
       76      135      143      142      137      533      552      539      532
       77      184      183      138      136      594      543      535      537
       78      138      181      180      136      542      590      536      535
       79      137      139      223      222      538      545      633      540
       80      137      142      141      139      539      550      544      538
       81      183      182      140      138      592      547      541      543
       82      140      226      181      138      548      591      542      541
       83      182      228      227      140      593      638      549      547
       84      139      224      225      223      546      635      634      545
       85      141      230      224      139      551      636      546      544
       86      140      227      229      226      549      639      637      548
       87      141       47       48      230      324      323      325      551
       88      142       46       47      141      322      321      324      550
       89      143       45       46      142      320      319      322      552
       90      144       44       45      143      318      317      320      553
       91      145       43       44      144      316      315      318      554
       92      146       42       43      145      314      313      316      555
       93      147       41       42      146      312      311      314      556
       94      148       40       41      147      310      309      312      557
       95      149       39       40      148      308      307      310      558
       96      150       38       39      149      306      305      308      559
       97      151       37       38      150      304      303      306      560
       98      152       36       37      151      302      301      304      561
       99      153       35       36      152      300      299      302      562
      100      154       34       35      153      298      297      300      563
      101      155       33       34      154      296      295      298      564
      102      156       32       33      155      294      293      296      565
      103      157       31       32      156      292      291      294      566
      104      158       30       31      157      290      289      292      567
      105      159       29       30      158      288      287      290      568
      106      160       28       29      159      286      285      288      569
      107      161       27       28      160      284      283      286      570
      108      162       26       27      161      282      281      284      571
      109      163       25       26      162      280      279      282      572
      110      164       24       25      163      278      277      280      573
      111      165       23       24      164      276      275      278      574
      112      166       22       23      165      274      273      276      575
      113      167       21       22      166      272      271      274      576
      114      168       20       21      167      270      269      272      577
      115      169       19       20      168      268      267      270      578
      116      170       18       19      169      266      265      268      579
      117      171       17       18      170      264      263      266      580
      118      172       16       17      171      262      261      264      581
      119      173       15       16      172      260      259      262      582
      120      174       14       15      173      258      257      260      583
      121      175       13       14      174      256      255      258      584
      122      176       12       13      175      254      253      256      585
      123      177       11       12      176      252      251      254      586
      124      178       10       11      177      250      249      252      587
      125      179        9       10      178      248      247      250      588
      126      180        8        9      179      246      245      248      589
      127      181        7        8      180      244      243      246      590
      128      226        6        7      181      242      241      244      591
      129      182       97       98      228      421      420      422      593
      130      183       96       97      182      419      418      421      592
      131      184       95       96      183      417      416      419      594
      132      185       94       95      184      415      414      417      595
      133      186       93       94      185      413      412      415      596
      134      187       92       93      186      411      410      413      597
      135      188       91       92      187      409      408      411      598
      136      189       90       91      188      407      406      409      599
      137      190       89       90      189      405      404      407      600
      138      191       88       89      190      403      402      405      601
      139      192       87       88      191      401      400      403      602
      140      193       86       87      192      399      398      401      603
      141      194       85       86      193      397      396      399      604
      142      195       84       85      194      395      394      397      605
      143      196       83       84      195      393      392      395      606
      144      197       82       83      196      391      390      393      607
      145      198       81       82      197      389      388      391      608
      146      199       80       81      198      387      386      389      609
      147      200       79       80      199      385      384      387      610
      148      201       78       79      200      383      382      385      611
      149      202       77       78      201      381      380      383      612
      150      203       76       77      202      379      378      381      613
      151      204       75       76      203      377      376      379      614
      152      205       74       75      204      375      374      377      615
      153      206       73       74      205      373      372      375      616
      154      207       72       73      206      371      370      373      617
      155      208       71       72      207      369      368      371      618
      156      209       70       71      208      367      366      369      619
      157      210       69       70      209      365      364      367      620
      158      211       68       69      210      363      362      365      621
      159      212       67       68      211      361      360      363      622
      160      213       66       67      212      359      358      361      623
      161      214       65       66      213      357      356      359      624
      162      215       64       65      214      355      354      357      625
      163      216       63       64      215      353      352      355      626
      164      217       62       63      216      351      350      353      627
      165      218       61       62      217      349      348      351      628
      166      219       60       61      218      347      346      349      629
      167      220       59       60      219      345      344      347      630
      168      221       58       59      220      343      342      345      631
      169      222       57       58      221      341      340      343      632
      170      223       56       57      222      339      338      341      633
      171      225       55       56      223      337      336      339      634
      172       48        2       52      230      233      234      332      325
      173      230       52       53      224      332      331      334      636
      174      224       53       54      225      334      333      335      635
      175      225       54        4       55      335      237      238      337
      176      229        5        6      226      240      239      242      637
      177      229       49        1        5      327      232      231      240
      178      227       50       49      229      329      326      327      639
      179      228       51       50      227      330      328      329      638
      180       98        3       51      228      236      235      330      422
-1
secnum,1    ! reset the section ID to default
! Material Id = {A67F7514-7C85-439C-83FC-A4CD8B774698}
/wb,elem,end               !  done creating elements
toffst,273.15,      ! Temperature offset from absolute zero
/com,*********** Set Reference Temperature ***********
tref,22.
/wb,mat,start              !  starting to send materials
/com,*********** Send Materials ***********
Temperature = 'TEMP' ! Temperature
MP,DENS,1,7.85e-09,	! tonne mm^-3
MP,ALPX,1,1.2e-05,	! C^-1
MP,C,1,434000000,	! mm^2 s^-2 C^-1
MP,KXX,1,60.5,	! tonne mm s^-3 C^-1
MP,RSVX,1,0.00017,	! ohm mm
MP,EX,1,205000,	! tonne s^-2 mm^-1
MP,NUXY,1,0.29,
MP,MURX,1,10000,

TB,PLAS,1,1,,BISO
TBDATA,1,695,2091
MP,UVID,1,57a6027f-d39a-4784-bf75-d6b8432b9505
MP,UMID,1,c53850c3-7946-4df6-bcf3-d96f8dc1ef3b

/wb,mat,end                !  done sending materials
/com,*********** Send Sheet Properties ***********
!************************* Model Summary ********************
!Balken_9|Flä1,	Nicht-linear 25CrMo4,	matid,	1
!************************* End Model Summary ********************
! get the diagonal of the bounding box. Needed later for other things
*get,_xmin,node,,mnloc,x
*get,_ymin,node,,mnloc,y
*get,_zmin,node,,mnloc,z
*get,_xmax,node,,mxloc,x
*get,_ymax,node,,mxloc,y
*get,_zmax,node,,mxloc,z
_ASMDIAG=(_xmax-_xmin)*(_xmax-_xmin)+(_ymax-_ymin)*(_ymax-_ymin)+(_zmax-_zmin)*(_zmax-_zmin)
_ASMDIAG=SQRT(_ASMDIAG)
/wb,contact,start          !  starting to send contact
/wb,contact,end            !  done creating contacts
/golist
/wb,load,start             !  starting to send loads
/com,*********** Fixed Supports ***********
CMBLOCK,_FIXEDSU,NODE,        8
(8i10)
         2         4        52       -54       234       237       331       333
cmsel,s,_FIXEDSU
d,all,all
nsel,all
/com,*********** Define Vertex Force Using Follower Elements ***********
et,2,201
keyo,2,1,1          ! Keep the direction constant
keyo,2,2,1          ! Apply Forces only, not moment
mat,2
real,2
type,2
en,181,1
r,2
rmod,2,1,1.0,              ! FX
mat,3
real,3
type,2
en,182,1
r,3
rmod,3,2,1.0,              ! FY
tblist
/gst,on,on
fini
*get,_numnode,node,0,count
*get,_numelem,elem,0,count
*get, _MAXELEMNUM, elem, 0, NUM, MAX
*get, _MAXNODENUM, node, 0, NUM, MAX
*get, _MAXELEMTYPE, etyp, 0, NUM, MAX
*get, _MAXREALCONST, rcon, 0, NUM, MAX
/go
/wb,load,end               !  done creating loads
/com,--- Number of total nodes = %_numnode%
/com,--- Number of contact elements = 0
/com,--- Number of spring elements = 0
/com,--- Number of bearing elements = 0
/com,--- Number of solid elements = 180
/com,--- Number of condensed parts = 0
/com,--- Number of total elements = %_numelem%
*get,_wallbsol,active,,time,wall
/com,****************************************************************************
/com,*************************    SOLUTION       ********************************
/com,****************************************************************************
/solu
antype,0                   ! static analysis
_thickRatio=  0     ! Ratio of thick parts in the model
eqsl,sparse,,,,,1
cntr,print,1               ! print out contact info and also make no initial contact an error
cncheck,dmp		!	Enable program controlled contact splitting for distributed memory parallel run
dmpoption,emat,no             ! Don't combine emat file for DANSYS
dmpoption,esav,no             ! Don't combine esav file for DANSYS
nldiag,cont,iter           ! print out contact info each equilibrium iteration
rescontrol,define,last,last,,dele	   ! Program Controlled
/com,****************************************************
/com,******************* SOLVE FOR LS 1 OF 10 ****************
esel,s,real,,2
sfe,all,1,pres,1,0.
esel,s,real,,3
sfe,all,1,pres,1,-15000000.
esel,all
/nopr
/gopr
autots,on                   ! User turned on automatic time stepping
nsub,10,100,10,OFF
time,1.
outres,erase
outres,all,none
outres,nsol,all,
outres,rsol,all
outres,eangl,all
outres,etmp,all
outres,veng,all
outres,strs,all,
outres,epel,all,
outres,eppl,all,
outres,cont,all,
! *********** WB SOLVE COMMAND ***********
! check interactive state
*get,ANSINTER_,active,,int
*if,ANSINTER_,ne,0,then
/eof
*endif
solve
/com *************** Write FE CONNECTORS ********* 
CEWRITE,file,ce,,INTE
/com,****************************************************
/com,*************** FINISHED SOLVE FOR LS 1 *************
/com,****************************************************
/com,******************* SOLVE FOR LS 2 OF 10 ****************
/nopr
/gopr
autots,on                  ! Workbench Program Controlled automatic time stepping
nsub,5,1000,1              ! due to presence of nonlinear materials
time,2.
outres,erase
outres,all,none
outres,nsol,all,
outres,rsol,all
outres,eangl,all
outres,etmp,all
outres,veng,all
outres,strs,all,
outres,epel,all,
outres,eppl,all,
outres,cont,all,
solve
/com,****************************************************
/com,*************** FINISHED SOLVE FOR LS 2 *************
/com,****************************************************
/com,******************* SOLVE FOR LS 3 OF 10 ****************
/nopr
/gopr
autots,on                  ! Workbench Program Controlled automatic time stepping
nsub,5,1000,1              ! due to presence of nonlinear materials
time,3.
outres,erase
outres,all,none
outres,nsol,all,
outres,rsol,all
outres,eangl,all
outres,etmp,all
outres,veng,all
outres,strs,all,
outres,epel,all,
outres,eppl,all,
outres,cont,all,
solve
/com,****************************************************
/com,*************** FINISHED SOLVE FOR LS 3 *************
/com,****************************************************
/com,******************* SOLVE FOR LS 4 OF 10 ****************
/nopr
/gopr
autots,on                  ! Workbench Program Controlled automatic time stepping
nsub,5,1000,1              ! due to presence of nonlinear materials
time,4.
outres,erase
outres,all,none
outres,nsol,all,
outres,rsol,all
outres,eangl,all
outres,etmp,all
outres,veng,all
outres,strs,all,
outres,epel,all,
outres,eppl,all,
outres,cont,all,
solve
/com,****************************************************
/com,*************** FINISHED SOLVE FOR LS 4 *************
/com,****************************************************
/com,******************* SOLVE FOR LS 5 OF 10 ****************
/nopr
/gopr
autots,on                  ! Workbench Program Controlled automatic time stepping
nsub,5,1000,1              ! due to presence of nonlinear materials
time,5.
outres,erase
outres,all,none
outres,nsol,all,
outres,rsol,all
outres,eangl,all
outres,etmp,all
outres,veng,all
outres,strs,all,
outres,epel,all,
outres,eppl,all,
outres,cont,all,
solve
/com,****************************************************
/com,*************** FINISHED SOLVE FOR LS 5 *************
/com,****************************************************
/com,******************* SOLVE FOR LS 6 OF 10 ****************
/nopr
/gopr
autots,on                  ! Workbench Program Controlled automatic time stepping
nsub,5,1000,1              ! due to presence of nonlinear materials
time,6.
outres,erase
outres,all,none
outres,nsol,all,
outres,rsol,all
outres,eangl,all
outres,etmp,all
outres,veng,all
outres,strs,all,
outres,epel,all,
outres,eppl,all,
outres,cont,all,
solve
/com,****************************************************
/com,*************** FINISHED SOLVE FOR LS 6 *************
/com,****************************************************
/com,******************* SOLVE FOR LS 7 OF 10 ****************
/nopr
/gopr
autots,on                  ! Workbench Program Controlled automatic time stepping
nsub,5,1000,1              ! due to presence of nonlinear materials
time,7.
outres,erase
outres,all,none
outres,nsol,all,
outres,rsol,all
outres,eangl,all
outres,etmp,all
outres,veng,all
outres,strs,all,
outres,epel,all,
outres,eppl,all,
outres,cont,all,
solve
/com,****************************************************
/com,*************** FINISHED SOLVE FOR LS 7 *************
/com,****************************************************
/com,******************* SOLVE FOR LS 8 OF 10 ****************
/nopr
/gopr
autots,on                  ! Workbench Program Controlled automatic time stepping
nsub,5,1000,1              ! due to presence of nonlinear materials
time,8.
outres,erase
outres,all,none
outres,nsol,all,
outres,rsol,all
outres,eangl,all
outres,etmp,all
outres,veng,all
outres,strs,all,
outres,epel,all,
outres,eppl,all,
outres,cont,all,
solve
/com,****************************************************
/com,*************** FINISHED SOLVE FOR LS 8 *************
/com,****************************************************
/com,******************* SOLVE FOR LS 9 OF 10 ****************
/nopr
/gopr
autots,on                  ! Workbench Program Controlled automatic time stepping
nsub,5,1000,1              ! due to presence of nonlinear materials
time,9.
outres,erase
outres,all,none
outres,nsol,all,
outres,rsol,all
outres,eangl,all
outres,etmp,all
outres,veng,all
outres,strs,all,
outres,epel,all,
outres,eppl,all,
outres,cont,all,
solve
/com,****************************************************
/com,*************** FINISHED SOLVE FOR LS 9 *************
/com,****************************************************
/com,******************* SOLVE FOR LS 10 OF 10 ****************
/nopr
/gopr
autots,on                  ! Workbench Program Controlled automatic time stepping
nsub,5,1000,1              ! due to presence of nonlinear materials
time,10.
outres,erase
outres,all,none
outres,nsol,all,
outres,rsol,all
outres,eangl,all
outres,etmp,all
outres,veng,all
outres,strs,all,
outres,epel,all,
outres,eppl,all,
outres,cont,all,
solve
/com,****************************************************
/com,*************** FINISHED SOLVE FOR LS 10 *************
*get,_wallasol,active,,time,wall
/nopr
*get,_numnode,node,0,count
*get,_numelem,elem,0,count
*get, _MAXELEMNUM, elem, 0, NUM, MAX
*get, _MAXNODENUM, node, 0, NUM, MAX,,,INTERNAL
*get, _MAXELEMTYPE, etyp, 0, NUM, MAX
*get, _MAXREALCONST, rcon, 0, NUM, MAX
*get,_NSOLTHREADS,active,0,ntfs
*get,_NSOLPROCESSES,active,0,npfs
/gopr
/post1
xmlo,ENCODING,ISO-8859-1
xmlo,parm
/xml,parm,xml
fini
/gopr
*get,_walldone,active,,time,wall
_preptime=(_wallbsol-_wallstrt)*3600
_solvtime=(_wallasol-_wallbsol)*3600
_posttime=(_walldone-_wallasol)*3600
_totaltim=(_walldone-_wallstrt)*3600
*get,_dlbratio,active,0,solu,dlbr
*get,_combtime,active,0,solu,comb
*get,_ssmode,active,0,solu,ssmm
*get,_ndofs,active,0,solu,ndof
*get,_sol_end_time,active,0,set,time
*if,_sol_end_time,eq,10.000000,then
/fclean				!clean distributed files
*endif
/com,--- Total number of nodes = %_numnode%
/com,--- Total number of elements = %_numelem%
/com,--- Element load balance ratio = %_dlbratio%
/com,--- Time to combine distributed files = %_combtime%
/com,--- Sparse memory mode = %_ssmode%
/com,--- Number of DOF = %_ndofs%
/wb,file,end               ! done with WB generated input
